         0
    0.0223
    0.0477
    0.0722
    0.0929
    0.1093
    0.1242
    0.1412
    0.1620
    0.1847
    0.2053
    0.2202
    0.2299
    0.2391
    0.2543
    0.2795
    0.3135
    0.3490
    0.3773
    0.3930
    0.3974
    0.3983
    0.4053
    0.4240
    0.4532
    0.4854
    0.5120
    0.5283
    0.5366
    0.5440
    0.5571
    0.5778
    0.6017
    0.6213
    0.6319
    0.6356
    0.6405
    0.6554
    0.6837
    0.7194
    0.7500
    0.7633
    0.7563
    0.7378
    0.7246
    0.7326
    0.7666
    0.8171
    0.8648
    0.8917
    0.8912
    0.8715
    0.8509
    0.8453
    0.8587
    0.8798
    0.8893
    0.8729
    0.8323
    0.7875
    0.7669
    0.7926
    0.8667
    0.9688
    1.0644
    1.1222
    1.1289
    1.0942
    1.0442
    1.0061
    0.9941
    1.0038
    1.0177
    1.0180
    0.9981
    0.9668
    0.9423
    0.9405
    0.9649
    1.0042
    1.0385
    1.0509
    1.0367
    1.0051
    0.9735
    0.9570
    0.9604
    0.9769
    0.9933
    0.9986
    0.9901
    0.9734
    0.9582
    0.9507
    0.9506
    0.9517
    0.9469
    0.9339
    0.9163
    0.9018
    0.8962
    0.8995
    0.9051
    0.9043
    0.8912
    0.8670
    0.8394
    0.8178
    0.8083
    0.8098
    0.8152
    0.8158
    0.8061
    0.7867
    0.7630
    0.7415
    0.7254
    0.7138
    0.7025
    0.6879
    0.6694
    0.6496
    0.6322
    0.6190
    0.6086
    0.5974
    0.5821
    0.5620
    0.5399
    0.5195
    0.5033
    0.4905
    0.4777
    0.4616
    0.4417
    0.4209
    0.4035
    0.3917
    0.3839
    0.3741
    0.3562
    0.3278
    0.2923
    0.2580
    0.2331
    0.2210
    0.2178
    0.2146
    0.2024
    0.1779
    0.1447
    0.1113
    0.0855
    0.0697
    0.0596
    0.0477
    0.0284
    0.0022
   -0.0249
   -0.0459
   -0.0580
   -0.0656
   -0.0778
   -0.1024
   -0.1396
   -0.1807
   -0.2122
   -0.2244
   -0.2182
   -0.2058
   -0.2050
   -0.2287
   -0.2769
   -0.3360
   -0.3858
   -0.4111
   -0.4102
   -0.3961
   -0.3873
   -0.3969
   -0.4233
   -0.4514
   -0.4620
   -0.4453
   -0.4097
   -0.3792
   -0.3820
   -0.4346
   -0.5313
   -0.6452
   -0.7411
   -0.7923
   -0.7934
   -0.7608
   -0.7228
   -0.7036
   -0.7112
   -0.7356
   -0.7577
   -0.7624
   -0.7484
   -0.7287
   -0.7220
   -0.7410
   -0.7840
   -0.8357
   -0.8759
   -0.8911
   -0.8814
   -0.8598
   -0.8441
   -0.8465
   -0.8677
   -0.8979
   -0.9238
   -0.9366
   -0.9366
   -0.9317
   -0.9310
   -0.9388
   -0.9523
   -0.9644
   -0.9692
   -0.9663
   -0.9612
   -0.9616
   -0.9716
   -0.9889
   -1.0055
   -1.0131
   -1.0079
   -0.9936
   -0.9790
   -0.9731
   -0.9797
   -0.9953
   -1.0118
   -1.0209
   -1.0192
   -1.0091
   -0.9969
   -0.9884
   -0.9854
   -0.9855
   -0.9844
   -0.9793
   -0.9707
   -0.9620
   -0.9565
   -0.9550
   -0.9550
   -0.9528
   -0.9457
   -0.9344
   -0.9221
   -0.9126
   -0.9071
   -0.9039
   -0.8993
   -0.8907
   -0.8787
   -0.8671
   -0.8598
   -0.8580
   -0.8582
   -0.8540
   -0.8402
   -0.8160
   -0.7871
   -0.7622
   -0.7483
   -0.7465
   -0.7507
   -0.7515
   -0.7411
   -0.7186
   -0.6898
   -0.6635
   -0.6462
   -0.6379
   -0.6326
   -0.6229
   -0.6051
   -0.5816
   -0.5595
   -0.5449
   -0.5383
   -0.5332
   -0.5201
   -0.4932
   -0.4556
   -0.4182
   -0.3942
   -0.3904
   -0.4018
   -0.4132
   -0.4074
   -0.3752
   -0.3215
   -0.2632
   -0.2203
   -0.2039
   -0.2104
   -0.2238
   -0.2260
   -0.2083
   -0.1775
   -0.1513
   -0.1474
   -0.1698
   -0.2043
   -0.2235
   -0.2016
   -0.1289
   -0.0190
    0.0966
    0.1837
    0.2219
    0.2135
    0.1806
    0.1520
    0.1471
    0.1676
    0.1992
    0.2225
    0.2264
    0.2149
    0.2041
    0.2121
    0.2471
    0.3024
    0.3598
    0.4001
    0.4139
    0.4063
    0.3929
    0.3908
    0.4086
    0.4430
    0.4820
    0.5131
    0.5303
    0.5370
    0.5422
    0.5539
    0.5740
    0.5979
    0.6181
    0.6303
    0.6362
    0.6428
    0.6569
    0.6807
    0.7097
    0.7351
    0.7496
    0.7518
    0.7476
    0.7466
    0.7563
    0.7783
    0.8069
    0.8334
    0.8508
    0.8576
    0.8581
    0.8587
    0.8642
    0.8748
    0.8871
    0.8970
    0.9028
    0.9060
    0.9104
    0.9186
    0.9304
    0.9425
    0.9511
    0.9547
    0.9550
    0.9556
    0.9598
    0.9678
    0.9768
    0.9833
    0.9855
    0.9853
    0.9869
    0.9937
    1.0051
    1.0166
    1.0215
    1.0158
    1.0009
    0.9840
    0.9739
    0.9759
    0.9885
    1.0040
    1.0128
    1.0092
    0.9947
    0.9766
    0.9637
    0.9604
    0.9645
    0.9690
    0.9669
    0.9567
    0.9428
    0.9326
    0.9307
    0.9351
    0.9377
    0.9294
    0.9072
    0.8770
    0.8515
    0.8426
    0.8534
    0.8750
    0.8903
    0.8838
    0.8506
    0.8005
    0.7526
    0.7250
    0.7243
    0.7418
    0.7596
    0.7615
    0.7438
    0.7180
    0.7033
    0.7139
    0.7479
    0.7854
    0.7977
    0.7630
    0.6793
    0.5674
    0.4616
    0.3931
    0.3753
    0.3980
    0.4351
    0.4596
    0.4574
    0.4330
    0.4040
    0.3881
    0.3918
    0.4063
    0.4133
    0.3969
    0.3538
    0.2955
    0.2418
    0.2096
    0.2035
    0.2141
    0.2241
    0.2184
    0.1924
    0.1529
    0.1132
    0.0841
    0.0685
    0.0605
    0.0506
    0.0325
    0.0067
   -0.0206
   -0.0425
   -0.0564
   -0.0662
   -0.0794
   -0.1020
   -0.1336
   -0.1679
   -0.1959
   -0.2120
   -0.2172
   -0.2193
   -0.2279
   -0.2488
   -0.2808
   -0.3169
   -0.3483
   -0.3695
   -0.3813
   -0.3890
   -0.3991
   -0.4148
   -0.4350
   -0.4556
   -0.4730
   -0.4866
   -0.4990
   -0.5139
   -0.5330
   -0.5550
   -0.5761
   -0.5931
   -0.6053
   -0.6155
   -0.6275
   -0.6436
   -0.6630
   -0.6823
   -0.6983
   -0.7104
   -0.7214
   -0.7357
   -0.7557
   -0.7793
   -0.8007
   -0.8139
   -0.8163
   -0.8116
   -0.8078
   -0.8134
   -0.8314
   -0.8581
   -0.8844
   -0.9016
   -0.9060
   -0.9014
   -0.8965
   -0.8989
   -0.9110
   -0.9285
   -0.9436
   -0.9510
   -0.9512
   -0.9501
   -0.9548
   -0.9680
   -0.9852
   -0.9973
   -0.9965
   -0.9828
   -0.9648
   -0.9561
   -0.9662
   -0.9942
   -1.0278
   -1.0491
   -1.0454
   -1.0166
   -0.9767
   -0.9457
   -0.9388
   -0.9574
   -0.9886
   -1.0137
   -1.0199
   -1.0087
   -0.9955
   -0.9993
   -1.0297
   -1.0785
   -1.1213
   -1.1299
   -1.0880
   -1.0016
   -0.8977
   -0.8115
   -0.7695
   -0.7770
   -0.8172
   -0.8619
   -0.8872
   -0.8850
   -0.8655
   -0.8478
   -0.8470
   -0.8641
   -0.8862
   -0.8944
   -0.8763
   -0.8336
   -0.7817
   -0.7408
   -0.7244
   -0.7321
   -0.7509
   -0.7631
   -0.7565
   -0.7304
   -0.6948
   -0.6631
   -0.6438
   -0.6366
   -0.6336
   -0.6257
   -0.6087
   -0.5854
   -0.5630
   -0.5473
   -0.5387
   -0.5316
   -0.5183
   -0.4948
   -0.4636
   -0.4324
   -0.4099
   -0.3995
   -0.3976
   -0.3953
   -0.3838
   -0.3592
   -0.3250
   -0.2897
   -0.2612
   -0.2430
   -0.2326
   -0.2237
   -0.2107
   -0.1917
   -0.1692
   -0.1474
   -0.1292
   -0.1140
   -0.0985
   -0.0793
   -0.0558
   -0.0302
   -0.0066
    0.0125
    0.0278
    0.0425
    0.0603
    0.0826
    0.1074
    0.1311
    0.1511
    0.1680
    0.1856
    0.2079
    0.2358
    0.2660
    0.2920
    0.3085
    0.3150
    0.3169
    0.3231
    0.3406
    0.3702
    0.4061
    0.4384
    0.4598
    0.4691
    0.4722
    0.4781
    0.4931
    0.5171
    0.5441
    0.5667
    0.5811
    0.5900
    0.6003
    0.6181
    0.6439
    0.6710
    0.6900
    0.6952
    0.6895
    0.6842
    0.6922
    0.7203
    0.7634
    0.8062
    0.8315
    0.8302
    0.8073
    0.7799
    0.7677
    0.7819
    0.8187
    0.8619
    0.8936
    0.9050
    0.9032
    0.9060
    0.9307
    0.9815
    1.0438
    1.0903
    1.0950
    1.0487
    0.9650
    0.8756
    0.8145
    0.8021
    0.8357
    0.8930
    0.9455
    0.9737
    0.9761
    0.9672
    0.9662
    0.9842
    1.0170
    1.0485
    1.0605
    1.0450
    1.0088
    0.9702
    0.9482
    0.9522
    0.9771
    1.0069
    1.0248
    1.0222
    1.0026
    0.9778
    0.9605
    0.9565
    0.9623
    0.9689
    0.9684
    0.9589
    0.9450
    0.9343
    0.9310
    0.9332
    0.9342
    0.9270
    0.9093
    0.8860
    0.8656
    0.8557
    0.8573
    0.8645
    0.8680
    0.8599
    0.8390
    0.8108
    0.7842
    0.7661
    0.7580
    0.7554
    0.7521
    0.7432
    0.7285
    0.7115
    0.6963
    0.6847
    0.6749
    0.6633
    0.6472
    0.6270
    0.6058
    0.5875
    0.5736
    0.5624
    0.5502
    0.5339
    0.5131
    0.4908
    0.4705
    0.4538
    0.4389
    0.4216
    0.3986
    0.3703
    0.3416
    0.3189
    0.3063
    0.3023
    0.2998
    0.2899
    0.2673
    0.2337
    0.1968
    0.1661
    0.1474
    0.1391
    0.1339
    0.1229
    0.1019
    0.0732
    0.0438
    0.0204
    0.0049
   -0.0074
   -0.0239
   -0.0491
   -0.0808
   -0.1109
   -0.1306
   -0.1365
   -0.1349
   -0.1384
   -0.1589
   -0.1993
   -0.2506
   -0.2958
   -0.3192
   -0.3163
   -0.2968
   -0.2799
   -0.2835
   -0.3142
   -0.3633
   -0.4125
   -0.4458
   -0.4598
   -0.4659
   -0.4834
   -0.5264
   -0.5927
   -0.6623
   -0.7066
   -0.7038
   -0.6521
   -0.5724
   -0.4991
   -0.4635
   -0.4784
   -0.5336
   -0.6030
   -0.6594
   -0.6890
   -0.6965
   -0.6993
   -0.7154
   -0.7509
   -0.7969
   -0.8350
   -0.8495
   -0.8372
   -0.8097
   -0.7866
   -0.7850
   -0.8092
   -0.8498
   -0.8894
   -0.9129
   -0.9158
   -0.9050
   -0.8938
   -0.8931
   -0.9055
   -0.9250
   -0.9423
   -0.9509
   -0.9515
   -0.9502
   -0.9541
   -0.9656
   -0.9807
   -0.9918
   -0.9932
   -0.9851
   -0.9740
   -0.9687
   -0.9751
   -0.9916
   -1.0108
   -1.0229
   -1.0222
   -1.0098
   -0.9930
   -0.9804
   -0.9775
   -0.9834
   -0.9928
   -0.9992
   -0.9995
   -0.9947
   -0.9889
   -0.9859
   -0.9860
   -0.9867
   -0.9843
   -0.9770
   -0.9664
   -0.9560
   -0.9492
   -0.9464
   -0.9450
   -0.9413
   -0.9327
   -0.9202
   -0.9073
   -0.8971
   -0.8901
   -0.8835
   -0.8729
   -0.8560
   -0.8349
   -0.8153
   -0.8035
   -0.8017
   -0.8064
   -0.8093
   -0.8023
   -0.7821
   -0.7527
   -0.7231
   -0.7021
   -0.6932
   -0.6925
   -0.6915
   -0.6825
   -0.6632
   -0.6379
   -0.6144
   -0.5980
   -0.5883
   -0.5791
   -0.5634
   -0.5387
   -0.5094
   -0.4847
   -0.4723
   -0.4723
   -0.4758
   -0.4694
   -0.4435
   -0.3991
   -0.3489
   -0.3105
   -0.2966
   -0.3072
   -0.3283
   -0.3397
   -0.3264
   -0.2873
   -0.2351
   -0.1887
   -0.1608
   -0.1497
   -0.1401
   -0.1128
   -0.0584
    0.0146
    0.0818
    0.1150
    0.0981
    0.0372
   -0.0405
   -0.0999
   -0.1145
   -0.0794
   -0.0113
    0.0613
    0.1146
    0.1408
    0.1501
    0.1616
    0.1904
    0.2374
    0.2894
    0.3276
    0.3396
    0.3274
    0.3064
    0.2967
    0.3117
    0.3510
    0.4014
    0.4451
    0.4700
    0.4757
    0.4721
    0.4725
    0.4856
    0.5106
    0.5399
    0.5643
    0.5796
    0.5887
    0.5986
    0.6153
    0.6391
    0.6642
    0.6831
    0.6917
    0.6925
    0.6934
    0.7028
    0.7243
    0.7541
    0.7832
    0.8029
    0.8094
    0.8062
    0.8016
    0.8038
    0.8161
    0.8359
    0.8569
    0.8735
    0.8838
    0.8904
    0.8975
    0.9078
    0.9208
    0.9332
    0.9415
    0.9451
    0.9465
    0.9494
    0.9564
    0.9669
    0.9775
    0.9845
    0.9867
    0.9859
    0.9859
    0.9892
    0.9949
    0.9996
    0.9991
    0.9924
    0.9830
    0.9774
    0.9808
    0.9937
    1.0105
    1.0225
    1.0226
    1.0100
    0.9908
    0.9745
    0.9688
    0.9744
    0.9856
    0.9934
    0.9915
    0.9800
    0.9650
    0.9538
    0.9502
    0.9515
    0.9507
    0.9417
    0.9241
    0.9047
    0.8929
    0.8942
    0.9056
    0.9160
    0.9123
    0.8879
    0.8479
    0.8077
    0.7845
    0.7873
    0.8109
    0.8382
    0.8495
    0.8337
    0.7949
    0.7490
    0.7143
    0.6990
    0.6964
    0.6883
    0.6574
    0.6000
    0.5306
    0.4767
    0.4640
    0.5018
    0.5760
    0.6552
    0.7050
    0.7055
    0.6596
    0.5895
    0.5239
    0.4822
    0.4656
    0.4595
    0.4448
    0.4105
    0.3609
    0.3124
    0.2828
    0.2803
    0.2977
    0.3169
    0.3188
    0.2941
    0.2483
    0.1972
    0.1575
    0.1380
    0.1350
    0.1365
    0.1300
    0.1098
    0.0794
    0.0478
    0.0230
    0.0068
   -0.0055
   -0.0213
   -0.0450
   -0.0745
   -0.1031
   -0.1236
   -0.1342
   -0.1393
   -0.1479
   -0.1672
   -0.1983
   -0.2353
   -0.2686
   -0.2906
   -0.3000
   -0.3024
   -0.3067
   -0.3197
   -0.3428
   -0.3717
   -0.3998
   -0.4225
   -0.4396
   -0.4545
   -0.4713
   -0.4918
   -0.5141
   -0.5347
   -0.5509
   -0.5629
   -0.5741
   -0.5882
   -0.6067
   -0.6279
   -0.6480
   -0.6639
   -0.6753
   -0.6852
   -0.6969
   -0.7123
   -0.7293
   -0.7437
   -0.7523
   -0.7555
   -0.7582
   -0.7667
   -0.7853
   -0.8121
   -0.8401
   -0.8605
   -0.8680
   -0.8642
   -0.8570
   -0.8558
   -0.8663
   -0.8870
   -0.9103
   -0.9275
   -0.9343
   -0.9331
   -0.9310
   -0.9346
   -0.9456
   -0.9594
   -0.9687
   -0.9688
   -0.9619
   -0.9564
   -0.9610
   -0.9788
   -1.0036
   -1.0228
   -1.0245
   -1.0057
   -0.9757
   -0.9515
   -0.9487
   -0.9716
   -1.0106
   -1.0462
   -1.0606
   -1.0474
   -1.0155
   -0.9830
   -0.9659
   -0.9676
   -0.9764
   -0.9731
   -0.9436
   -0.8904
   -0.8335
   -0.8016
   -0.8163
   -0.8792
   -0.9691
   -1.0517
   -1.0959
   -1.0889
   -1.0411
   -0.9788
   -0.9290
   -0.9055
   -0.9033
   -0.9049
   -0.8926
   -0.8601
   -0.8168
   -0.7807
   -0.7677
   -0.7809
   -0.8086
   -0.8308
   -0.8309
   -0.8045
   -0.7613
   -0.7186
   -0.6914
   -0.6842
   -0.6899
   -0.6952
   -0.6894
   -0.6699
   -0.6426
   -0.6171
   -0.5997
   -0.5896
   -0.5806
   -0.5659
   -0.5430
   -0.5159
   -0.4922
   -0.4777
   -0.4721
   -0.4689
   -0.4591
   -0.4372
   -0.4045
   -0.3687
   -0.3395
   -0.3226
   -0.3168
   -0.3148
   -0.3080
   -0.2910
   -0.2647
   -0.2345
   -0.2068
   -0.1848
   -0.1673
   -0.1503
   -0.1301
   -0.1063
   -0.0815
   -0.0594
   -0.0418
   -0.0271
   -0.0118
    0.0076
    0.0314
    0.0569
    0.0803
    0.0992
    0.1147
    0.1300
    0.1483
    0.1702
    0.1927
    0.2114
    0.2242
    0.2330
    0.2436
    0.2622
    0.2911
    0.3266
    0.3605
    0.3845
    0.3956
    0.3976
    0.3997
    0.4106
    0.4337
    0.4650
    0.4961
    0.5191
    0.5320
    0.5390
    0.5478
    0.5639
    0.5865
    0.6096
    0.6262
    0.6337
    0.6367
    0.6444
    0.6642
    0.6964
    0.7319
    0.7572
    0.7629
    0.7501
    0.7314
    0.7245
    0.7421
    0.7839
    0.8358
    0.8777
    0.8946
    0.8854
    0.8631
    0.8466
    0.8483
    0.8665
    0.8856
    0.8866
    0.8602
    0.8151
    0.7757
    0.7702
    0.8145
    0.9022
    1.0061
    1.0909
    1.1305
    1.1199
    1.0763
    1.0279
    0.9986
    0.9958
    1.0094
    1.0200
    1.0130
    0.9872
    0.9562
    0.9385
    0.9467
    0.9784
    1.0183
    1.0461
    1.0486
    1.0264
    0.9927
    0.9653
    0.9561
    0.9655
    0.9836
    0.9969
    0.9970
    0.9845
    0.9673
    0.9544
    0.9500
    0.9513
    0.9509
    0.9431
    0.9277
    0.9103
    0.8986
    0.8966
    0.9017
    0.9060
    0.9011
    0.8834
    0.8569
    0.8304
    0.8129
    0.8079
    0.8118
    0.8164
    0.8135
    0.7999
    0.7782
    0.7547
    0.7350
    0.7209
    0.7099
    0.6977
    0.6815
    0.6622
    0.6428
    0.6269
    0.6151
    0.6049
    0.5924
    0.5752
    0.5540
    0.5321
    0.5131
    0.4984
    0.4861
    0.4723
    0.4547
    0.4341
    0.4140
    0.3985
    0.3887
    0.3809
    0.3688
    0.3471
    0.3153
    0.2792
    0.2476
    0.2273
    0.2192
    0.2171
    0.2115
    0.1949
    0.1665
    0.1321
    0.1007
    0.0787
    0.0657
    0.0559
    0.0417
    0.0195
   -0.0079
   -0.0335
   -0.0512
   -0.0608
   -0.0690
   -0.0851
   -0.1148
   -0.1548
   -0.1939
   -0.2191
   -0.2239
   -0.2135
   -0.2033
   -0.2104
   -0.2438
   -0.2981
   -0.3562
   -0.3982
   -0.4134
   -0.4057
   -0.3913
   -0.3884
   -0.4051
   -0.4343
   -0.4581
   -0.4591
   -0.4336
   -0.3964
   -0.3751
   -0.3951
   -0.4656
   -0.5725
   -0.6839
   -0.7657
   -0.7981
   -0.7840
   -0.7461
   -0.7129
   -0.7035
   -0.7190
   -0.7449
   -0.7618
   -0.7591
   -0.7409
   -0.7238
   -0.7257
   -0.7544
   -0.8028
   -0.8526
   -0.8846
   -0.8900
   -0.8740
   -0.8526
   -0.8426
   -0.8524
   -0.8784
   -0.9084
   -0.9301
   -0.9377
   -0.9349
   -0.9306
   -0.9329
   -0.9434
   -0.9573
   -0.9672
   -0.9689
   -0.9643
   -0.9604
   -0.9641
   -0.9774
   -0.9955
   -1.0097
   -1.0126
   -1.0034
   -0.9878
   -0.9755
   -0.9741
   -0.9847
   -1.0017
   -1.0163
   -1.0215
   -1.0162
   -1.0046
   -0.9932
   -0.9868
   -0.9853
   -0.9855