    1.0000
    1.0046
    1.0065
    1.0047
    1.0000
    0.9944
    0.9897
    0.9868
    0.9850
    0.9824
    0.9776
    0.9704
    0.9626
    0.9566
    0.9546
    0.9564
    0.9592
    0.9587
    0.9509
    0.9340
    0.9101
    0.8842
    0.8624
    0.8493
    0.8459
    0.8490
    0.8528
    0.8514
    0.8417
    0.8244
    0.8039
    0.7858
    0.7739
    0.7685
    0.7655
    0.7587
    0.7427
    0.7157
    0.6815
    0.6479
    0.6239
    0.6153
    0.6220
    0.6377
    0.6520
    0.6546
    0.6402
    0.6103
    0.5724
    0.5367
    0.5107
    0.4962
    0.4887
    0.4804
    0.4648
    0.4411
    0.4153
    0.3981
    0.3990
    0.4214
    0.4592
    0.4978
    0.5199
    0.5122
    0.4709
    0.4033
    0.3251
    0.2533
    0.2000
    0.1682
    0.1518
    0.1404
    0.1242
    0.0996
    0.0695
    0.0416
    0.0229
    0.0161
    0.0172
    0.0173
    0.0066
   -0.0206
   -0.0634
   -0.1145
   -0.1631
   -0.1997
   -0.2197
   -0.2254
   -0.2241
   -0.2248
   -0.2341
   -0.2540
   -0.2811
   -0.3095
   -0.3333
   -0.3497
   -0.3604
   -0.3701
   -0.3843
   -0.4063
   -0.4355
   -0.4675
   -0.4962
   -0.5164
   -0.5262
   -0.5279
   -0.5270
   -0.5294
   -0.5394
   -0.5576
   -0.5814
   -0.6064
   -0.6284
   -0.6457
   -0.6590
   -0.6706
   -0.6829
   -0.6971
   -0.7125
   -0.7273
   -0.7399
   -0.7502
   -0.7593
   -0.7694
   -0.7822
   -0.7978
   -0.8147
   -0.8304
   -0.8430
   -0.8520
   -0.8588
   -0.8653
   -0.8733
   -0.8831
   -0.8935
   -0.9025
   -0.9091
   -0.9138
   -0.9186
   -0.9262
   -0.9379
   -0.9528
   -0.9674
   -0.9772
   -0.9787
   -0.9714
   -0.9584
   -0.9455
   -0.9385
   -0.9411
   -0.9526
   -0.9687
   -0.9835
   -0.9916
   -0.9910
   -0.9840
   -0.9756
   -0.9711
   -0.9733
   -0.9809
   -0.9890
   -0.9910
   -0.9825
   -0.9638
   -0.9399
   -0.9197
   -0.9114
   -0.9191
   -0.9406
   -0.9676
   -0.9894
   -0.9969
   -0.9869
   -0.9633
   -0.9350
   -0.9117
   -0.8992
   -0.8973
   -0.8997
   -0.8985
   -0.8889
   -0.8723
   -0.8567
   -0.8531
   -0.8696
   -0.9064
   -0.9542
   -0.9968
   -1.0175
   -1.0056
   -0.9611
   -0.8949
   -0.8237
   -0.7636
   -0.7239
   -0.7043
   -0.6967
   -0.6901
   -0.6765
   -0.6545
   -0.6292
   -0.6084
   -0.5982
   -0.5990
   -0.6049
   -0.6060
   -0.5937
   -0.5640
   -0.5204
   -0.4717
   -0.4288
   -0.4000
   -0.3873
   -0.3868
   -0.3900
   -0.3883
   -0.3765
   -0.3544
   -0.3267
   -0.2997
   -0.2784
   -0.2641
   -0.2540
   -0.2427
   -0.2252
   -0.1994
   -0.1672
   -0.1340
   -0.1058
   -0.0870
   -0.0780
   -0.0753
   -0.0729
   -0.0651
   -0.0490
   -0.0249
    0.0036
    0.0320
    0.0568
    0.0770
    0.0941
    0.1107
    0.1288
    0.1489
    0.1699
    0.1900
    0.2078
    0.2237
    0.2394
    0.2570
    0.2778
    0.3011
    0.3251
    0.3474
    0.3665
    0.3825
    0.3970
    0.4121
    0.4293
    0.4481
    0.4670
    0.4842
    0.4991
    0.5128
    0.5278
    0.5463
    0.5692
    0.5944
    0.6179
    0.6354
    0.6441
    0.6449
    0.6418
    0.6411
    0.6479
    0.6647
    0.6895
    0.7171
    0.7413
    0.7579
    0.7662
    0.7697
    0.7737
    0.7831
    0.7993
    0.8196
    0.8383
    0.8491
    0.8490
    0.8398
    0.8283
    0.8235
    0.8326
    0.8579
    0.8946
    0.9334
    0.9635
    0.9775
    0.9746
    0.9606
    0.9453
    0.9376
    0.9415
    0.9541
    0.9685
    0.9770
    0.9768
    0.9716
    0.9710
    0.9857
    1.0215
    1.0754
    1.1354
    1.1842
    1.2065
    1.1948
    1.1530
    1.0947
    1.0371
    0.9947
    0.9736
    0.9703
    0.9753
    0.9779
    0.9721
    0.9589
    0.9448
    0.9376
    0.9418
    0.9554
    0.9709
    0.9782
    0.9699
    0.9444
    0.9073
    0.8687
    0.8390
    0.8247
    0.8256
    0.8360
    0.8468
    0.8503
    0.8428
    0.8261
    0.8056
    0.7875
    0.7759
    0.7706
    0.7676
    0.7614
    0.7476
    0.7254
    0.6983
    0.6719
    0.6522
    0.6422
    0.6410
    0.6440
    0.6451
    0.6391
    0.6243
    0.6023
    0.5771
    0.5532
    0.5332
    0.5173
    0.5035
    0.4892
    0.4727
    0.4542
    0.4351
    0.4174
    0.4016
    0.3871
    0.3719
    0.3539
    0.3325
    0.3088
    0.2850
    0.2633
    0.2448
    0.2287
    0.2130
    0.1959
    0.1765
    0.1556
    0.1350
    0.1162
    0.0993
    0.0827
    0.0637
    0.0404
    0.0129
   -0.0161
   -0.0420
   -0.0609
   -0.0712
   -0.0748
   -0.0767
   -0.0832
   -0.0987
   -0.1242
   -0.1564
   -0.1896
   -0.2178
   -0.2380
   -0.2508
   -0.2607
   -0.2732
   -0.2921
   -0.3177
   -0.3459
   -0.3704
   -0.3857
   -0.3903
   -0.3879
   -0.3862
   -0.3943
   -0.4179
   -0.4569
   -0.5049
   -0.5513
   -0.5861
   -0.6039
   -0.6062
   -0.6007
   -0.5974
   -0.6038
   -0.6217
   -0.6464
   -0.6703
   -0.6867
   -0.6949
   -0.7011
   -0.7158
   -0.7486
   -0.8027
   -0.8719
   -0.9417
   -0.9946
   -1.0174
   -1.0065
   -0.9692
   -0.9211
   -0.8794
   -0.8560
   -0.8538
   -0.8667
   -0.8841
   -0.8965
   -0.9000
   -0.8979
   -0.8977
   -0.9064
   -0.9266
   -0.9543
   -0.9805
   -0.9956
   -0.9936
   -0.9757
   -0.9491
   -0.9247
   -0.9121
   -0.9154
   -0.9327
   -0.9564
   -0.9775
   -0.9895
   -0.9905
   -0.9837
   -0.9753
   -0.9710
   -0.9735
   -0.9812
   -0.9893
   -0.9923
   -0.9870
   -0.9739
   -0.9575
   -0.9439
   -0.9383
   -0.9424
   -0.9540
   -0.9676
   -0.9772
   -0.9787
   -0.9713
   -0.9577
   -0.9424
   -0.9295
   -0.9206
   -0.9152
   -0.9107
   -0.9049
   -0.8966
   -0.8865
   -0.8763
   -0.8677
   -0.8608
   -0.8543
   -0.8462
   -0.8348
   -0.8199
   -0.8032
   -0.7870
   -0.7732
   -0.7623
   -0.7531
   -0.7434
   -0.7316
   -0.7174
   -0.7020
   -0.6872
   -0.6743
   -0.6627
   -0.6503
   -0.6345
   -0.6139
   -0.5895
   -0.5648
   -0.5444
   -0.5317
   -0.5272
   -0.5276
   -0.5274
   -0.5206
   -0.5037
   -0.4773
   -0.4457
   -0.4150
   -0.3904
   -0.3739
   -0.3633
   -0.3536
   -0.3393
   -0.3178
   -0.2904
   -0.2621
   -0.2394
   -0.2266
   -0.2237
   -0.2254
   -0.2228
   -0.2079
   -0.1764
   -0.1308
   -0.0793
   -0.0328
   -0.0001
    0.0154
    0.0178
    0.0160
    0.0195
    0.0344
    0.0600
    0.0903
    0.1173
    0.1360
    0.1482
    0.1618
    0.1877
    0.2340
    0.3008
    0.3787
    0.4516
    0.5026
    0.5211
    0.5074
    0.4722
    0.4323
    0.4039
    0.3961
    0.4084
    0.4326
    0.4579
    0.4764
    0.4865
    0.4934
    0.5049
    0.5271
    0.5604
    0.5986
    0.6321
    0.6519
    0.6544
    0.6430
    0.6265
    0.6159
    0.6193
    0.6389
    0.6703
    0.7053
    0.7352
    0.7548
    0.7641
    0.7676
    0.7716
    0.7812
    0.7977
    0.8180
    0.8369
    0.8493
    0.8531
    0.8504
    0.8464
    0.8472
    0.8571
    0.8765
    0.9018
    0.9270
    0.9465
    0.9572
    0.9596
    0.9574
    0.9549
    0.9555
    0.9604
    0.9679
    0.9755
    0.9812
    0.9843
    0.9862
    0.9886
    0.9927
    0.9982
    1.0035
    1.0063
    1.0055
    1.0016
    0.9965
    0.9926
    0.9915
    0.9928
    0.9951
    0.9961
    0.9946
    0.9909
    0.9865
    0.9832
    0.9816
    0.9807
    0.9778
    0.9708
    0.9589
    0.9440
    0.9302
    0.9219
    0.9217
    0.9288
    0.9391
    0.9464
    0.9454
    0.9338
    0.9137
    0.8901
    0.8693
    0.8555
    0.8493
    0.8474
    0.8441
    0.8348
    0.8181
    0.7966
    0.7762
    0.7630
    0.7601
    0.7657
    0.7728
    0.7725
    0.7575
    0.7259
    0.6821
    0.6358
    0.5977
    0.5751
    0.5687
    0.5727
    0.5773
    0.5736
    0.5579
    0.5327
    0.5053
    0.4832
    0.4693
    0.4597
    0.4448
    0.4140
    0.3615
    0.2903
    0.2128
    0.1460
    0.1054
    0.0982
    0.1204
    0.1586
    0.1953
    0.2163
    0.2156
    0.1965
    0.1689
    0.1432
    0.1255
    0.1148
    0.1044
    0.0867
    0.0572
    0.0179
   -0.0237
   -0.0573
   -0.0756
   -0.0772
   -0.0675
   -0.0567
   -0.0553
   -0.0696
   -0.0994
   -0.1389
   -0.1790
   -0.2120
   -0.2343
   -0.2476
   -0.2574
   -0.2700
   -0.2892
   -0.3149
   -0.3431
   -0.3680
   -0.3856
   -0.3951
   -0.3996
   -0.4052
   -0.4175
   -0.4397
   -0.4707
   -0.5059
   -0.5392
   -0.5655
   -0.5829
   -0.5932
   -0.6004
   -0.6088
   -0.6212
   -0.6377
   -0.6561
   -0.6739
   -0.6895
   -0.7030
   -0.7159
   -0.7300
   -0.7460
   -0.7630
   -0.7791
   -0.7923
   -0.8020
   -0.8091
   -0.8160
   -0.8248
   -0.8365
   -0.8504
   -0.8645
   -0.8769
   -0.8867
   -0.8947
   -0.9028
   -0.9123
   -0.9235
   -0.9345
   -0.9428
   -0.9464
   -0.9455
   -0.9428
   -0.9428
   -0.9494
   -0.9643
   -0.9854
   -1.0077
   -1.0249
   -1.0327
   -1.0300
   -1.0202
   -1.0090
   -1.0024
   -1.0033
   -1.0110
   -1.0212
   -1.0281
   -1.0280
   -1.0208
   -1.0105
   -1.0035
   -1.0051
   -1.0168
   -1.0350
   -1.0517
   -1.0581
   -1.0483
   -1.0226
   -0.9873
   -0.9531
   -0.9301
   -0.9234
   -0.9316
   -0.9468
   -0.9593
   -0.9613
   -0.9512
   -0.9337
   -0.9165
   -0.9062
   -0.9033
   -0.9018
   -0.8911
   -0.8616
   -0.8101
   -0.7429
   -0.6747
   -0.6229
   -0.6005
   -0.6114
   -0.6477
   -0.6941
   -0.7333
   -0.7534
   -0.7518
   -0.7345
   -0.7121
   -0.6943
   -0.6845
   -0.6798
   -0.6725
   -0.6555
   -0.6265
   -0.5894
   -0.5533
   -0.5278
   -0.5187
   -0.5249
   -0.5391
   -0.5504
   -0.5493
   -0.5316
   -0.4995
   -0.4605
   -0.4235
   -0.3951
   -0.3772
   -0.3664
   -0.3568
   -0.3424
   -0.3207
   -0.2933
   -0.2650
   -0.2414
   -0.2256
   -0.2170
   -0.2113
   -0.2023
   -0.1847
   -0.1570
   -0.1214
   -0.0834
   -0.0490
   -0.0224
   -0.0043
    0.0081
    0.0193
    0.0331
    0.0514
    0.0734
    0.0968
    0.1191
    0.1392
    0.1578
    0.1767
    0.1974
    0.2201
    0.2435
    0.2654
    0.2843
    0.2999
    0.3139
    0.3287
    0.3461
    0.3665
    0.3887
    0.4107
    0.4305
    0.4482
    0.4647
    0.4821
    0.5013
    0.5219
    0.5417
    0.5582
    0.5698
    0.5778
    0.5855
    0.5975
    0.6172
    0.6450
    0.6778
    0.7097
    0.7349
    0.7500
    0.7554
    0.7556
    0.7566
    0.7637
    0.7787
    0.7994
    0.8207
    0.8373
    0.8463
    0.8494
    0.8514
    0.8587
    0.8759
    0.9025
    0.9334
    0.9598
    0.9733
    0.9701
    0.9524
    0.9286
    0.9095
    0.9041
    0.9153
    0.9393
    0.9670
    0.9889
    0.9990
    0.9980
    0.9920
    0.9889
    0.9936
    1.0044
    1.0132
    1.0092
    0.9842
    0.9383
    0.8809
    0.8282
    0.7970
    0.7977
    0.8302
    0.8835
    0.9407
    0.9858
    1.0098
    1.0131
    1.0039
    0.9932
    0.9889
    0.9923
    0.9982
    0.9988
    0.9881
    0.9658
    0.9380
    0.9145
    0.9039
    0.9101
    0.9296
    0.9534
    0.9706
    0.9731
    0.9588
    0.9321
    0.9012
    0.8749
    0.8582
    0.8512
    0.8493
    0.8461
    0.8367
    0.8198
    0.7984
    0.7779
    0.7632
    0.7565
    0.7556
    0.7554
    0.7496
    0.7340
    0.7084
    0.6763
    0.6437
    0.6162
    0.5968
    0.5851
    0.5775
    0.5694
    0.5575
    0.5409
    0.5210
    0.5004
    0.4812
    0.4640
    0.4474
    0.4297
    0.4097
    0.3877
    0.3655
    0.3452
    0.3280
    0.3133
    0.2993
    0.2835
    0.2645
    0.2425
    0.2191
    0.1964
    0.1758
    0.1570
    0.1383
    0.1182
    0.0958
    0.0724
    0.0505
    0.0324
    0.0187
    0.0077
   -0.0049
   -0.0234
   -0.0504
   -0.0850
   -0.1231
   -0.1584
   -0.1857
   -0.2028
   -0.2116
   -0.2173
   -0.2261
   -0.2423
   -0.2662
   -0.2945
   -0.3218
   -0.3432
   -0.3573
   -0.3669
   -0.3778
   -0.3961
   -0.4250
   -0.4623
   -0.5012
   -0.5327
   -0.5497
   -0.5501
   -0.5384
   -0.5244
   -0.5187
   -0.5286
   -0.5547
   -0.5911
   -0.6280
   -0.6566
   -0.6730
   -0.6800
   -0.6848
   -0.6949
   -0.7131
   -0.7354
   -0.7523
   -0.7530
   -0.7319
   -0.6921
   -0.6458
   -0.6102
   -0.6008
   -0.6246
   -0.6776
   -0.7461
   -0.8128
   -0.8634
   -0.8919
   -0.9020
   -0.9033
   -0.9064
   -0.9172
   -0.9345
   -0.9519
   -0.9614
   -0.9589
   -0.9462
   -0.9310
   -0.9234
   -0.9308
   -0.9545
   -0.9889
   -1.0240
   -1.0491
   -1.0581
   -1.0511
   -1.0342
   -1.0161
   -1.0048
   -1.0036
   -1.0110
   -1.0212
   -1.0282
   -1.0279
   -1.0207
   -1.0106
   -1.0031
   -1.0025
   -1.0095
   -1.0207
   -1.0303
   -1.0326
   -1.0244
   -1.0068
   -0.9844
   -0.9635
   -0.9489
   -0.9427
   -0.9429
   -0.9456
   -0.9463
   -0.9425
   -0.9340
   -0.9229
   -0.9119
   -0.9024
   -0.8944
   -0.8863
   -0.8764
   -0.8639
   -0.8498
   -0.8359
   -0.8243
   -0.8157
   -0.8088
   -0.8016
   -0.7918
   -0.7784
   -0.7622
   -0.7452
   -0.7293
   -0.7153
   -0.7024
   -0.6889
   -0.6732
   -0.6553
   -0.6369
   -0.6206
   -0.6084
   -0.6000
   -0.5928
   -0.5823
   -0.5645
   -0.5378
   -0.5043
   -0.4692
   -0.4385
   -0.4168
   -0.4048
   -0.3994
   -0.3948
   -0.3850
   -0.3671
   -0.3418
   -0.3137
   -0.2882
   -0.2693
   -0.2570
   -0.2471
   -0.2335
   -0.2108
   -0.1773
   -0.1370
   -0.0978
   -0.0686
   -0.0551
   -0.0571
   -0.0680
   -0.0774
   -0.0752
   -0.0561
   -0.0219
    0.0197
    0.0588
    0.0877
    0.1050
    0.1152
    0.1261
    0.1442
    0.1701
    0.1976
    0.2160
    0.2159
    0.1940
    0.1568
    0.1190
    0.0978
    0.1065
    0.1485
    0.2161
    0.2938
    0.3643
    0.4158
    0.4457
    0.4601
    0.4697
    0.4840
    0.5064
    0.5339
    0.5588
    0.5740
    0.5772
    0.5725
    0.5687
    0.5757
    0.5991
    0.6378
    0.6842
    0.7276
    0.7586
    0.7728
    0.7725
    0.7653
    0.7601
    0.7634
    0.7770
    0.7975
    0.8189
    0.8354
    0.8444
    0.8474
    0.8495
    0.8560
    0.8701
    0.8911
    0.9147
    0.9345
    0.9456
    0.9462
    0.9386
    0.9284
    0.9215
    0.9221
    0.9307
    0.9447
    0.9595
    0.9712
    0.9780
    0.9807
    0.9817
    0.9833
    0.9867
    0.9911
    0.9948
    0.9961
    0.9950
    0.9927
    0.9915
    0.9928
    0.9967
    1.0018
    1.0056
    1.0063
    1.0033
    0.9980
    0.9925
    0.9884
    0.9861
    0.9842
    0.9810
    0.9752
    0.9675
    0.9601
    0.9554
    0.9549
    0.9575
    0.9597
    0.9569
    0.9458
    0.9259
    0.9006
    0.8755
    0.8565
    0.8470
    0.8465
    0.8506
    0.8531
    0.8489
    0.8361
    0.8171
    0.7968
    0.7807
    0.7713
    0.7674
    0.7638
    0.7542
    0.7341
    0.7038
    0.6688
    0.6377
    0.6188
    0.6161
    0.6272
    0.6437
    0.6547
    0.6514
    0.6308
    0.5969
    0.5587
    0.5259
    0.5042
    0.4930
    0.4862
    0.4757
    0.4569
    0.4315
    0.4075
    0.3959
    0.4048
    0.4340
    0.4740
    0.5086
    0.5210
    0.5009
    0.4487
    0.3752
    0.2975
    0.2314
    0.1861
    0.1610
    0.1477
    0.1354
    0.1162
    0.0889
    0.0587
    0.0335
    0.0192
    0.0160
    0.0179
    0.0151
   -0.0012
   -0.0346
   -0.0816
   -0.1330
   -0.1782
   -0.2089
   -0.2232
   -0.2253
   -0.2237
   -0.2270
   -0.2402
   -0.2633
   -0.2916
   -0.3189
   -0.3401
   -0.3541
   -0.3638
   -0.3745
   -0.3913
   -0.4162
   -0.4471
   -0.4786
   -0.5047
   -0.5211
   -0.5275
   -0.5276
   -0.5272
   -0.5321
   -0.5452
   -0.5658
   -0.5906
   -0.6149
   -0.6353
   -0.6509
   -0.6633
   -0.6749
   -0.6879
   -0.7026
   -0.7180
   -0.7322
   -0.7439
   -0.7535
   -0.7628
   -0.7737
   -0.7876
   -0.8039
   -0.8206
   -0.8354
   -0.8466
   -0.8546
   -0.8611
   -0.8680
   -0.8767
   -0.8869
   -0.8970
   -0.9052
   -0.9110
   -0.9154
   -0.9209
   -0.9300
   -0.9431
   -0.9584
   -0.9718
   -0.9788
   -0.9769
   -0.9671
   -0.9534
   -0.9420
   -0.9383
   -0.9443
   -0.9582
   -0.9746
   -0.9874
   -0.9923
   -0.9890
   -0.9808
   -0.9733
   -0.9711
   -0.9756
   -0.9841
   -0.9907
   -0.9892
   -0.9768
   -0.9553
   -0.9317
   -0.9150
   -0.9123
   -0.9256
   -0.9503
   -0.9767
   -0.9941
   -0.9952
   -0.9795
   -0.9531
   -0.9255
   -0.9058
   -0.8975
   -0.8981
   -0.9001
   -0.8961
   -0.8834
   -0.8660
   -0.8535
   -0.8566
   -0.8809
   -0.9232
   -0.9712
   -1.0076
   -1.0172
   -0.9928
   -0.9388
   -0.8687
   -0.7999
   -0.7467
   -0.7148
   -0.7008
   -0.6947
   -0.6862
   -0.6693
   -0.6453
   -0.6207
   -0.6033
   -0.5974
   -0.6010
   -0.6064
   -0.6035
   -0.5849
   -0.5494
   -0.5027
   -0.4549
   -0.4165
   -0.3936
   -0.3861
   -0.3880
   -0.3903
   -0.3853
   -0.3695
   -0.3447
   -0.3165
   -0.2911
   -0.2725
   -0.2602
   -0.2503
   -0.2372
   -0.2167
   -0.1882
   -0.1549
   -0.1229
   -0.0978
   -0.0828
   -0.0766
   -0.0747
   -0.0709
   -0.0603
   -0.0410
   -0.0148
    0.0141
    0.0415
    0.0646
    0.0835
    0.1001
    0.1170
    0.1359
    0.1566