         0
    0.0080
    0.0116
    0.0095
    0.0044
    0.0015
    0.0045
    0.0128
    0.0216
    0.0240
    0.0160
   -0.0008
   -0.0190
   -0.0292
   -0.0246
   -0.0051
    0.0226
    0.0479
    0.0621
    0.0624
    0.0526
    0.0412
    0.0365
    0.0424
    0.0569
    0.0733
    0.0838
    0.0829
    0.0703
    0.0504
    0.0309
    0.0197
    0.0219
    0.0380
    0.0638
    0.0908
    0.1101
    0.1152
    0.1055
    0.0875
    0.0722
    0.0703
    0.0860
    0.1136
    0.1382
    0.1424
    0.1156
    0.0608
   -0.0038
   -0.0523
   -0.0626
   -0.0290
    0.0347
    0.0998
    0.1376
    0.1339
    0.0979
    0.0584
    0.0497
    0.0929
    0.1837
    0.2922
    0.3762
    0.4015
    0.3579
    0.2649
    0.1619
    0.0889
    0.0681
    0.0946
    0.1408
    0.1724
    0.1659
    0.1204
    0.0562
    0.0039
   -0.0115
    0.0173
    0.0781
    0.1461
    0.1969
    0.2169
    0.2081
    0.1845
    0.1636
    0.1577
    0.1690
    0.1906
    0.2109
    0.2199
    0.2137
    0.1948
    0.1712
    0.1519
    0.1442
    0.1508
    0.1696
    0.1941
    0.2163
    0.2293
    0.2300
    0.2208
    0.2081
    0.1999
    0.2016
    0.2133
    0.2292
    0.2404
    0.2396
    0.2249
    0.2017
    0.1797
    0.1687
    0.1735
    0.1914
    0.2142
    0.2326
    0.2409
    0.2397
    0.2343
    0.2314
    0.2346
    0.2428
    0.2514
    0.2558
    0.2543
    0.2497
    0.2468
    0.2492
    0.2568
    0.2657
    0.2709
    0.2698
    0.2646
    0.2612
    0.2661
    0.2816
    0.3039
    0.3244
    0.3341
    0.3281
    0.3089
    0.2848
    0.2665
    0.2610
    0.2688
    0.2842
    0.2981
    0.3034
    0.2981
    0.2860
    0.2748
    0.2718
    0.2809
    0.3006
    0.3253
    0.3468
    0.3579
    0.3548
    0.3387
    0.3155
    0.2941
    0.2831
    0.2873
    0.3047
    0.3272
    0.3430
    0.3430
    0.3261
    0.3016
    0.2860
    0.2956
    0.3370
    0.4018
    0.4679
    0.5094
    0.5086
    0.4664
    0.4027
    0.3480
    0.3277
    0.3484
    0.3934
    0.4301
    0.4266
    0.3695
    0.2725
    0.1714
    0.1083
    0.1106
    0.1782
    0.2834
    0.3843
    0.4449
    0.4519
    0.4190
    0.3781
    0.3617
    0.3863
    0.4453
    0.5129
    0.5588
    0.5632
    0.5254
    0.4632
    0.4026
    0.3654
    0.3601
    0.3798
    0.4083
    0.4291
    0.4329
    0.4210
    0.4026
    0.3892
    0.3891
    0.4043
    0.4297
    0.4569
    0.4769
    0.4838
    0.4766
    0.4591
    0.4384
    0.4227
    0.4178
    0.4249
    0.4402
    0.4562
    0.4654
    0.4641
    0.4541
    0.4427
    0.4390
    0.4486
    0.4710
    0.4991
    0.5223
    0.5321
    0.5263
    0.5097
    0.4914
    0.4800
    0.4793
    0.4867
    0.4959
    0.5009
    0.4997
    0.4947
    0.4911
    0.4928
    0.4998
    0.5084
    0.5138
    0.5134
    0.5087
    0.5046
    0.5054
    0.5124
    0.5218
    0.5269
    0.5225
    0.5080
    0.4892
    0.4754
    0.4748
    0.4899
    0.5159
    0.5431
    0.5617
    0.5664
    0.5591
    0.5472
    0.5396
    0.5419
    0.5542
    0.5709
    0.5841
    0.5872
    0.5781
    0.5599
    0.5394
    0.5247
    0.5222
    0.5340
    0.5574
    0.5850
    0.6078
    0.6179
    0.6127
    0.5964
    0.5788
    0.5716
    0.5817
    0.6067
    0.6343
    0.6468
    0.6306
    0.5836
    0.5195
    0.4629
    0.4384
    0.4583
    0.5148
    0.5829
    0.6322
    0.6422
    0.6144
    0.5722
    0.5501
    0.5754
    0.6528
    0.7599
    0.8566
    0.9036
    0.8817
    0.8013
    0.6967
    0.6103
    0.5716
    0.5847
    0.6283
    0.6681
    0.6754
    0.6413
    0.5801
    0.5206
    0.4913
    0.5060
    0.5587
    0.6274
    0.6860
    0.7165
    0.7161
    0.6954
    0.6718
    0.6602
    0.6663
    0.6857
    0.7077
    0.7212
    0.7200
    0.7046
    0.6815
    0.6599
    0.6478
    0.6498
    0.6651
    0.6886
    0.7124
    0.7290
    0.7337
    0.7272
    0.7148
    0.7043
    0.7025
    0.7113
    0.7267
    0.7404
    0.7441
    0.7337
    0.7123
    0.6887
    0.6733
    0.6729
    0.6872
    0.7094
    0.7302
    0.7421
    0.7436
    0.7388
    0.7344
    0.7355
    0.7425
    0.7515
    0.7577
    0.7580
    0.7539
    0.7499
    0.7504
    0.7566
    0.7657
    0.7725
    0.7735
    0.7691
    0.7644
    0.7660
    0.7781
    0.7989
    0.8212
    0.8352
    0.8345
    0.8188
    0.7952
    0.7740
    0.7638
    0.7677
    0.7815
    0.7969
    0.8056
    0.8035
    0.7930
    0.7806
    0.7742
    0.7792
    0.7959
    0.8198
    0.8432
    0.8583
    0.8600
    0.8478
    0.8260
    0.8030
    0.7878
    0.7868
    0.8006
    0.8227
    0.8419
    0.8477
    0.8358
    0.8121
    0.7917
    0.7917
    0.8228
    0.8818
    0.9504
    1.0026
    1.0166
    0.9865
    0.9267
    0.8657
    0.8323
    0.8403
    0.8805
    0.9238
    0.9362
    0.8965
    0.8094
    0.7049
    0.6253
    0.6046
    0.6528
    0.7500
    0.8569
    0.9335
    0.9578
    0.9351
    0.8929
    0.8655
    0.8763
    0.9262
    0.9944
    1.0504
    1.0695
    1.0443
    0.9873
    0.9233
    0.8768
    0.8611
    0.8741
    0.9018
    0.9266
    0.9363
    0.9289
    0.9113
    0.8950
    0.8901
    0.9005
    0.9234
    0.9511
    0.9742
    0.9858
    0.9830
    0.9682
    0.9477
    0.9296
    0.9207
    0.9240
    0.9373
    0.9540
    0.9662
    0.9683
    0.9606
    0.9487
    0.9416
    0.9465
    0.9653
    0.9926
    1.0185
    1.0333
    1.0324
    1.0185
    0.9996
    0.9853
    0.9810
    0.9863
    0.9957
    1.0026
    1.0034
    0.9991
    0.9945
    0.9942
    0.9997
    1.0083
    1.0153
    1.0168
    1.0131
    1.0082
    1.0071
    1.0122
    1.0215
    1.0288
    1.0278
    1.0163
    0.9979
    0.9814
    0.9759
    0.9860
    1.0094
    1.0374
    1.0597
    1.0690
    1.0651
    1.0537
    1.0438
    1.0426
    1.0520
    1.0681
    1.0833
    1.0902
    1.0850
    1.0692
    1.0485
    1.0311
    1.0241
    1.0313
    1.0515
    1.0787
    1.1041
    1.1190
    1.1187
    1.1051
    1.0866
    1.0749
    1.0791
    1.1001
    1.1287
    1.1480
    1.1422
    1.1045
    1.0436
    0.9816
    0.9444
    0.9496
    0.9962
    1.0639
    1.1224
    1.1463
    1.1293
    1.0882
    1.0557
    1.0637
    1.1252
    1.2265
    1.3314
    1.3980
    1.3991
    1.3350
    1.2336
    1.1370
    1.0808
    1.0783
    1.1154
    1.1602
    1.1803
    1.1593
    1.1042
    1.0406
    0.9989
    0.9990
    1.0411
    1.1074
    1.1719
    1.2128
    1.2219
    1.2060
    1.1815
    1.1648
    1.1651
    1.1811
    1.2036
    1.2209
    1.2248
    1.2136
    1.1920
    1.1689
    1.1530
    1.1502
    1.1615
    1.1831
    1.2077
    1.2274
    1.2362
    1.2330
    1.2217
    1.2097
    1.2045
    1.2100
    1.2241
    1.2394
    1.2470
    1.2413
    1.2227
    1.1987
    1.1796
    1.1739
    1.1838
    1.2045
    1.2267
    1.2420
    1.2467
    1.2433
    1.2381
    1.2371
    1.2424
    1.2513
    1.2589
    1.2612
    1.2582
    1.2536
    1.2522
    1.2567
    1.2653
    1.2735
    1.2766
    1.2735
    1.2682
    1.2671
    1.2756
    1.2942
    1.3170
    1.3347
    1.3392
    1.3279
    1.3059
    1.2827
    1.2683
    1.2677
    1.2790
    1.2949
    1.3065
    1.3080
    1.2997
    1.2870
    1.2779
    1.2788
    1.2920
    1.3143
    1.3388
    1.3574
    1.3638
    1.3558
    1.3364
    1.3127
    1.2941
    1.2881
    1.2974
    1.3178
    1.3393
    1.3504
    1.3441
    1.3230
    1.2996
    1.2912
    1.3117
    1.3630
    1.4311
    1.4915
    1.5196
    1.5034
    1.4506
    1.3865
    1.3415
    1.3359
    1.3680
    1.4142
    1.4399
    1.4182
    1.3444
    1.2412
    1.1488
    1.1063
    1.1328
    1.2176
    1.3262
    1.4163
    1.4585
    1.4490
    1.4093
    1.3737
    1.3707
    1.4091
    1.4745
    1.5379
    1.5708
    1.5596
    1.5107
    1.4461
    1.3916
    1.3653
    1.3701
    1.3949
    1.4223
    1.4378
    1.4356
    1.4201
    1.4021
    1.3927
    1.3981
    1.4176
    1.4447
    1.4703
    1.4862
    1.4882
    1.4767
    1.4572
    1.4374
    1.4250
    1.4243
    1.4349
    1.4513
    1.4658
    1.4715
    1.4666
    1.4552
    1.4455
    1.4460
    1.4605
    1.4859
    1.5135
    1.5327
    1.5371
    1.5267
    1.5084
    1.4917
    1.4839
    1.4865
    1.4953
    1.5036
    1.5065
    1.5035
    1.4984
    1.4963
    1.5000
    1.5081
    1.5161
    1.5196
    1.5174
    1.5123
    1.5094
    1.5125
    1.5210
    1.5297
    1.5320
    1.5238
    1.5069
    1.4887
    1.4787
    1.4836
    1.5034
    1.5310
    1.5562
    1.5702
    1.5702
    1.5603
    1.5490
    1.5444
    1.5505
    1.5652
    1.5816
    1.5918
    1.5907
    1.5779
    1.5580
    1.5386
    1.5276
    1.5300
    1.5464
    1.5722
    1.5992
    1.6183
    1.6231
    1.6132
    1.5952
    1.5800
    1.5784
    1.5944
    1.6221
    1.6465
    1.6502
    1.6228
    1.5676
    1.5030
    1.4551
    1.4455
    1.4799
    1.5439
    1.6088
    1.6459
    1.6414
    1.6051
    1.5659
    1.5579
    1.6021
    1.6935
    1.8020
    1.8852
    1.9092
    1.8645
    1.7710
    1.6682
    1.5960
    1.5762
    1.6033
    1.6495
    1.6806
    1.6734
    1.6273
    1.5630
    1.5113
    1.4966
    1.5261
    1.5873
    1.6552
    1.7055
    1.7249
    1.7157
    1.6920
    1.6713
    1.6657
    1.6773
    1.6989
    1.7191
    1.7279
    1.7214
    1.7024
    1.6787
    1.6596
    1.6521
    1.6591
    1.6780
    1.7025
    1.7246
    1.7373
    1.7379
    1.7285
    1.7158
    1.7078
    1.7097
    1.7215
    1.7374
    1.7485
    1.7474
    1.7325
    1.7092
    1.6873
    1.6767
    1.6817
    1.6997
    1.7225
    1.7408
    1.7490
    1.7476
    1.7422
    1.7394
    1.7427
    1.7509
    1.7595
    1.7638
    1.7622
    1.7576
    1.7547
    1.7572
    1.7649
    1.7738
    1.7789
    1.7777
    1.7725
    1.7692
    1.7743
    1.7899
    1.8123
    1.8327
    1.8421
    1.8358
    1.8164
    1.7924
    1.7742
    1.7690
    1.7770
    1.7925
    1.8063
    1.8114
    1.8059
    1.7938
    1.7826
    1.7798
    1.7891
    1.8090
    1.8337
    1.8550
    1.8659
    1.8626
    1.8463
    1.8230
    1.8017
    1.7910
    1.7954
    1.8131
    1.8355
    1.8511
    1.8508
    1.8336
    1.8091
    1.7939
    1.8041
    1.8460
    1.9110
    1.9769
    2.0177
    2.0162
    1.9733
    1.9095
    1.8552
    1.8357
    1.8570
    1.9022
    1.9384
    1.9340
    1.8761
    1.7786
    1.6778
    1.6157
    1.6192
    1.6879
    1.7934
    1.8938
    1.9535
    1.9596
    1.9262
    1.8855
    1.8697
    1.8951
    1.9544
    2.0219
    2.0673
    2.0708
    2.0324
    1.9700
    1.9096
    1.8730
    1.8682
    1.8882
    1.9168
    1.9373
    1.9408
    1.9287
    1.9102
    1.8970
    1.8972
    1.9126
    1.9382
    1.9653
    1.9851
    1.9918
    1.9843
    1.9667
    1.9461
    1.9305
    1.9258
    1.9331
    1.9484
    1.9644
    1.9735
    1.9719
    1.9618
    1.9505
    1.9470
    1.9569
    1.9795
    2.0075
    2.0305
    2.0401
    2.0340
    2.0173
    1.9991
    1.9879
    1.9873
    1.9948
    2.0040
    2.0089
    2.0076
    2.0026
    1.9991
    2.0008
    2.0079
    2.0165
    2.0218
    2.0213
    2.0166
    2.0125
    2.0135
    2.0205
    2.0299
    2.0349
    2.0303
    2.0156
    1.9968
    1.9832
    1.9829
    1.9982
    2.0244
    2.0515
    2.0698
    2.0743
    2.0668
    2.0550
    2.0475
    2.0500
    2.0625
    2.0792
    2.0922
    2.0951
    2.0859
    2.0675
    2.0470
    2.0325
    2.0303
    2.0423
    2.0658
    2.0935
    2.1161
    2.1259
    2.1205
    2.1040
    2.0866
    2.0796
    2.0900
    2.1152
    2.1426
    2.1548
    2.1380
    2.0905
    2.0263
    1.9701
    1.9464
    1.9670
    2.0239
    2.0920
    2.1407
    2.1500
    2.1216
    2.0795
    2.0580
    2.0843
    2.1625
    2.2698
    2.3659
    2.4118
    2.3887
    2.3075
    2.2029
    2.1171
    2.0794
    2.0933
    2.1371
    2.1765
    2.1832
    2.1484
    2.0869
    2.0277
    1.9991
    2.0147
    2.0678
    2.1365
    2.1947
    2.2248
    2.2238
    2.2029
    2.1795
    2.1682
    2.1745
    2.1941
    2.2160
    2.2293
    2.2278
    2.2122
    2.1891
    2.1675
    2.1557
    2.1579
    2.1734
    2.1970
    2.2208
    2.2371
    2.2417
    2.2350
    2.2225
    2.2121
    2.2105
    2.2195
    2.2350
    2.2486
    2.2520
    2.2414
    2.2199
    2.1963
    2.1812
    2.1810
    2.1955
    2.2178
    2.2384
    2.2501
    2.2515
    2.2466
    2.2424
    2.2435
    2.2506
    2.2597
    2.2657
    2.2659
    2.2618
    2.2578
    2.2584
    2.2647
    2.2738
    2.2806
    2.2814
    2.2769
    2.2723
    2.2741
    2.2864
    2.3073
    2.3295
    2.3433
    2.3423
    2.3264
    2.3027
    2.2816
    2.2717
    2.2758
    2.2898
    2.3051
    2.3136
    2.3114
    2.3007
    2.2883
    2.2821
    2.2874
    2.3043
    2.3282
    2.3515
    2.3665
    2.3679
    2.3554
    2.3336
    2.3106
    2.2956
    2.2949
    2.3089
    2.3310
    2.3501
    2.3556
    2.3434
    2.3197
    2.2994
    2.2999
    2.3316
    2.3910
    2.4595
    2.5111
    2.5244
    2.4936
    2.4335
    2.3728
    2.3400
    2.3488
    2.3893
    2.4324
    2.4439
    2.4033
    2.3156
    2.2111
    2.1323
    2.1129
    2.1622
    2.2599
    2.3666
    2.4424
    2.4658
    2.4424
    2.4001
    2.3733
    2.3849
    2.4353
    2.5035
    2.5591
    2.5774
    2.5514
    2.4941
    2.4303
    2.3842
    2.3691
    2.3825
    2.4102
    2.4349
    2.4443
    2.4366
    2.4189
    2.4028
    2.3981
    2.4088
    2.4318
    2.4595
    2.4825
    2.4939
    2.4908
    2.4758
    2.4553
    2.4373
    2.4286
    2.4322
    2.4456
    2.4623
    2.4743
    2.4762
    2.4683
    2.4565
    2.4495
    2.4547
    2.4737
    2.5010
    2.5268
    2.5414
    2.5402
    2.5261
    2.5073
    2.4931
    2.4890
    2.4945
    2.5039
    2.5107
    2.5113
    2.5070
    2.5024
    2.5022
    2.5078
    2.5165
    2.5233
    2.5247
    2.5210
    2.5161
    2.5151
    2.5203
    2.5296
    2.5368
    2.5357
    2.5239
    2.5056
    2.4892
    2.4839
    2.4943
    2.5178
    2.5458
    2.5679
    2.5770
    2.5729
    2.5614
    2.5516
    2.5506
    2.5602
    2.5764
    2.5915
    2.5982
    2.5928
    2.5768
    2.5561
    2.5388
    2.5321
    2.5395
    2.5599
    2.5872
    2.6124
    2.6271
    2.6265
    2.6127
    2.5943
    2.5828
    2.5873
    2.6086
    2.6371
    2.6562
    2.6497
    2.6115
    2.5504
    2.4886
    2.4521
    2.4581
    2.5052
    2.5731
    2.6312
    2.6543
    2.6366
    2.5954
    2.5634
    2.5723
    2.6347
    2.7364
    2.8410
    2.9066
    2.9065
    2.8413
    2.7397
    2.6435
    2.5883
    2.5866
    2.6242
    2.6688
    2.6883
    2.6665
    2.6110
    2.5475
    2.5065
    2.5074
    2.5501
    2.6166
    2.6808
    2.7212
    2.7297
    2.7135
    2.6890
    2.6726
    2.6733
    2.6895
    2.7120
    2.7291
    2.7327
    2.7212
    2.6996
    2.6765
    2.6608
    2.6582
    2.6698
    2.6915
    2.7161
    2.7356
    2.7442
    2.7408
    2.7294
    2.7175
    2.7125
    2.7182
    2.7323
    2.7475
    2.7550
    2.7490
    2.7303
    2.7062
    2.6873
    2.6819
    2.6921
    2.7129
    2.7351
    2.7502
    2.7547
    2.7511
    2.7460
    2.7451
    2.7505
    2.7594
    2.7669
    2.7691
    2.7661
    2.7615
    2.7602
    2.7648
    2.7735
    2.7816
    2.7845
    2.7814
    2.7761
    2.7751
    2.7838
    2.8025
    2.8253
    2.8429
    2.8471
    2.8356
    2.8134
    2.7903
    2.7761
    2.7757
    2.7873
    2.8032
    2.8146
    2.8159
    2.8074
    2.7947
    2.7857
    2.7869
    2.8003
    2.8227
    2.8471
    2.8656
    2.8717
    2.8635
    2.8439
    2.8203
    2.8018
    2.7961
    2.8057
    2.8262
    2.8476
    2.8584
    2.8518
    2.8306
    2.8072
    2.7992
    2.8204
    2.8720
    2.9403
    3.0003
    3.0277
    3.0107
    2.9575
    2.8934
    2.8490
    2.8441
    2.8767
    2.9229
    2.9480
    2.9253
    2.8507
    2.7473
    2.6555
    2.6142
    2.6418
    2.7275
    2.8360
    2.9255
    2.9668
    2.9564
    2.9165
    2.8812
    2.8790
    2.9181
    2.9837
    3.0467
    3.0790
    3.0670
    3.0176
    2.9529
    2.8989
    2.8731
    2.8783
    2.9033
    2.9307
    2.9459
    2.9434
    2.9277
    2.9098
    2.9006
    2.9063
    2.9260
    2.9532
    2.9787
    2.9944
    2.9960
    2.9844
    2.9648
    2.9451
    2.9328
    2.9324
    2.9431
    2.9596
    2.9739
    2.9795
    2.9744
    2.9629
    2.9534
    2.9541
    2.9688
    2.9944
    3.0219
    3.0409
    3.0450
    3.0344
    3.0160
    2.9994
    2.9918
    2.9946